# A-share price data for 600570.SH from 2025-01-01 to 2025-12-31
# Records: 243

Date,Open,High,Low,Close,Amount,PctChange
2025-01-02,27.58,27.72,25.6,26.32,624820.0,
2025-01-03,26.4,26.64,25.21,25.26,409953.0,-4.0274
2025-01-06,25.23,25.56,24.88,25.06,314142.0,-0.7918
2025-01-07,25.15,25.51,24.91,25.5,277218.0,1.7558
2025-01-08,25.42,25.62,24.53,25.27,343518.0,-0.902
2025-01-09,25.09,25.55,25.07,25.32,198036.0,0.1979
2025-01-10,25.31,25.66,24.8,24.8,210878.0,-2.0537
2025-01-13,24.64,25.38,24.4,25.18,250640.0,1.5323
2025-01-14,25.4,26.6,25.22,26.56,412659.0,5.4805
2025-01-15,26.52,26.56,26.12,26.2,229303.0,-1.3554
2025-01-16,26.54,26.87,25.79,25.98,268757.0,-0.8397
2025-01-17,25.82,26.35,25.76,26.05,211600.0,0.2694
2025-01-20,26.47,26.56,26.03,26.09,222675.0,0.1536
2025-01-21,26.6,26.67,26.01,26.3,210388.0,0.8049
2025-01-22,26.28,26.3,25.85,26.01,182566.0,-1.1027
2025-01-23,26.6,27.39,26.2,26.2,425675.0,0.7305
2025-01-24,26.12,26.59,26.01,26.39,269267.0,0.7252
2025-01-27,26.75,26.84,25.83,25.84,257915.0,-2.0841
2025-02-05,26.7,27.98,26.61,27.14,618091.0,5.031
2025-02-06,27.2,28.75,26.79,28.37,571481.0,4.5321
2025-02-07,28.4,30.55,28.3,30.05,1008179.0,5.9217
2025-02-10,30.5,30.86,29.71,30.66,773001.0,2.03
2025-02-11,30.66,32.25,30.02,31.1,989058.0,1.4351
2025-02-12,31.4,32.8,31.24,32.79,1120420.0,5.4341
2025-02-13,32.3,32.83,31.82,32.1,852781.0,-2.1043
2025-02-14,32.05,35.32,32.05,34.86,1723339.0,8.5981
2025-02-17,35.2,37.08,33.6,34.53,2022640.0,-0.9466
2025-02-18,34.32,34.91,32.58,32.64,1313665.0,-5.4735
2025-02-19,32.9,33.66,32.6,33.48,894054.0,2.5735
2025-02-20,33.27,34.1,32.8,32.92,656952.0,-1.6726
2025-02-21,33.81,35.18,32.96,34.98,1300940.0,6.2576
2025-02-24,34.68,34.98,33.38,33.81,922056.0,-3.3448
2025-02-25,32.46,33.36,32.25,32.63,702203.0,-3.4901
2025-02-26,32.9,33.33,32.35,33.1,543129.0,1.4404
2025-02-27,33.05,33.1,31.6,32.27,613009.0,-2.5076
2025-02-28,32.27,32.45,30.3,30.45,645413.0,-5.6399
2025-03-03,30.45,31.31,29.96,30.6,431743.0,0.4926
2025-03-04,30.29,31.07,30.2,30.85,322400.0,0.817
2025-03-05,30.9,31.15,30.6,30.83,306721.0,-0.0648
2025-03-06,31.8,32.75,31.21,32.23,706269.0,4.541
2025-03-07,32.25,32.28,30.94,31.1,594195.0,-3.5061
2025-03-10,31.0,31.2,30.54,31.03,341612.0,-0.2251
2025-03-11,30.34,30.88,30.29,30.74,363857.0,-0.9346
2025-03-12,31.02,31.6,30.71,30.88,403126.0,0.4554
2025-03-13,30.65,30.91,29.9,30.15,362212.0,-2.364
2025-03-14,30.15,31.8,29.97,31.59,673599.0,4.7761
2025-03-17,31.55,31.56,30.94,31.01,357752.0,-1.836
2025-03-18,31.4,31.5,30.8,30.95,289458.0,-0.1935
2025-03-19,30.82,30.99,30.45,30.63,257043.0,-1.0339
2025-03-20,30.55,30.95,30.13,30.16,411434.0,-1.5344
2025-03-21,29.95,30.19,29.16,29.21,410914.0,-3.1499
2025-03-24,29.21,29.39,28.5,29.06,349080.0,-0.5135
2025-03-25,29.0,29.42,28.75,28.88,230823.0,-0.6194
2025-03-26,28.9,29.08,28.76,28.9,186253.0,0.0693
2025-03-27,28.83,29.33,28.54,28.9,255496.0,0.0
2025-03-28,29.0,29.07,28.78,28.82,173312.0,-0.2768
2025-03-31,27.78,28.15,27.49,27.94,374563.0,-3.0534
2025-04-01,28.11,28.18,27.49,27.51,286042.0,-1.539
2025-04-02,27.45,27.97,27.4,27.75,184011.0,0.8724
2025-04-03,27.45,27.97,27.4,27.46,193310.0,-1.045
2025-04-07,25.2,26.23,24.7,24.7,471507.0,-10.051
2025-04-08,24.96,24.96,23.51,24.15,600757.0,-2.2267
2025-04-09,23.77,25.11,23.4,25.11,523407.0,3.9752
2025-04-10,26.05,26.11,25.46,25.53,401325.0,1.6726
2025-04-11,25.61,25.95,25.38,25.73,281800.0,0.7834
2025-04-14,26.0,26.69,25.91,25.97,279119.0,0.9328
2025-04-15,25.92,26.05,25.53,25.74,160125.0,-0.8856
2025-04-16,25.72,25.75,25.17,25.56,186256.0,-0.6993
2025-04-17,25.4,25.8,25.32,25.63,170673.0,0.2739
2025-04-18,25.51,25.7,25.33,25.51,122483.0,-0.4682
2025-04-21,25.47,25.95,25.25,25.92,178626.0,1.6072
2025-04-22,25.9,26.12,25.72,25.8,184935.0,-0.463
2025-04-23,26.1,26.45,25.86,26.13,293856.0,1.2791
2025-04-24,26.14,26.41,25.62,25.64,251363.0,-1.8752
2025-04-25,25.73,25.98,25.6,25.75,194964.0,0.429
2025-04-28,25.75,25.92,25.18,25.2,218191.0,-2.1359
2025-04-29,25.11,25.55,25.04,25.32,152083.0,0.4762
2025-04-30,25.39,25.96,25.28,25.85,231342.0,2.0932
2025-05-06,26.28,26.67,26.19,26.58,294140.0,2.824
2025-05-07,27.64,27.84,26.38,26.59,446855.0,0.0376
2025-05-08,26.5,26.71,26.35,26.62,214879.0,0.1128
2025-05-09,26.61,26.61,25.93,25.98,197294.0,-2.4042
2025-05-12,26.34,27.1,26.21,27.0,324569.0,3.9261
2025-05-13,27.2,27.22,26.58,26.58,239553.0,-1.5556
2025-05-14,26.52,27.84,26.23,27.3,476214.0,2.7088
2025-05-15,27.07,27.07,26.4,26.44,280417.0,-3.1502
2025-05-16,26.3,26.44,26.15,26.32,157090.0,-0.4539
2025-05-19,26.16,26.25,25.68,26.03,177237.0,-1.1018
2025-05-20,26.15,26.24,25.95,26.13,120368.0,0.3842
2025-05-21,26.24,26.63,26.16,26.39,187655.0,0.995
2025-05-22,26.32,26.35,26.0,26.04,133113.0,-1.3263
2025-05-23,26.05,26.09,25.4,25.4,202450.0,-2.4578
2025-05-26,25.39,25.51,25.18,25.51,125584.0,0.4331
2025-05-27,25.4,25.4,25.21,25.24,100269.0,-1.0584
2025-05-28,25.24,25.4,25.08,25.1,95152.0,-0.5547
2025-05-29,25.14,26.17,25.1,26.13,291807.0,4.1036
2025-05-30,26.01,27.03,25.9,26.21,336144.0,0.3062
2025-06-03,26.82,27.32,26.48,26.61,391728.0,1.5261
2025-06-04,26.5,26.66,26.22,26.59,243723.0,-0.0752
2025-06-05,26.72,27.58,26.67,27.28,453450.0,2.595
2025-06-06,27.28,27.36,26.8,26.88,226954.0,-1.4663
2025-06-09,27.05,27.25,26.78,27.1,235398.0,0.8185
2025-06-10,27.1,27.1,26.05,26.3,321275.0,-2.952
2025-06-11,26.31,26.97,26.08,26.42,265760.0,0.4563
2025-06-12,26.15,27.26,26.06,26.72,294183.0,1.1355
2025-06-13,27.42,28.39,27.42,27.75,998473.0,3.8548
2025-06-16,27.75,30.53,27.75,30.53,1239722.0,10.018
2025-06-17,30.53,31.7,30.04,30.58,1656808.0,0.1638
2025-06-18,30.15,30.69,29.77,29.88,946893.0,-2.2891
2025-06-19,30.29,30.62,28.66,28.8,823563.0,-3.6145
2025-06-20,28.5,28.84,27.71,28.01,576096.0,-2.7431
2025-06-23,27.65,30.1,27.59,29.79,947923.0,6.3549
2025-06-24,29.69,30.48,29.23,30.09,848949.0,1.007
2025-06-25,29.88,33.0,29.71,32.3,1546879.0,7.3446
2025-06-26,32.5,35.53,32.44,33.62,2316013.0,4.0867
2025-06-27,33.37,35.77,32.88,33.72,1804249.0,0.2974
2025-06-30,33.85,34.68,33.01,33.54,1180055.0,-0.5338
2025-07-01,33.25,33.45,31.88,32.09,1012055.0,-4.3232
2025-07-02,32.09,32.29,31.54,31.61,557500.0,-1.4958
2025-07-03,31.63,32.19,31.45,31.97,660421.0,1.1389
2025-07-04,32.11,33.76,31.45,32.75,1151745.0,2.4398
2025-07-07,32.44,33.62,32.31,32.94,810697.0,0.5802
2025-07-08,32.94,34.06,32.63,33.42,878798.0,1.4572
2025-07-09,33.76,34.55,33.1,33.78,1133917.0,1.0772
2025-07-10,33.45,34.27,32.8,33.4,944722.0,-1.1249
2025-07-11,33.4,35.1,33.26,34.52,1291473.0,3.3533
2025-07-14,34.31,34.31,33.01,33.26,793063.0,-3.6501
2025-07-15,33.6,34.36,33.35,33.7,749872.0,1.3229
2025-07-16,33.33,33.5,32.8,33.07,555656.0,-1.8694
2025-07-17,33.38,33.74,33.03,33.42,480463.0,1.0584
2025-07-18,33.42,34.1,33.35,33.68,495386.0,0.778
2025-07-21,33.5,33.85,32.95,33.1,590124.0,-1.7221
2025-07-22,33.0,33.17,32.4,32.64,605000.0,-1.3897
2025-07-23,32.63,33.5,32.5,33.05,629003.0,1.2561
2025-07-24,32.75,34.1,32.7,33.88,635531.0,2.5113
2025-07-25,33.88,34.24,33.34,33.53,480999.0,-1.0331
2025-07-28,33.88,34.66,33.25,34.38,869567.0,2.535
2025-07-29,34.18,37.82,33.8,37.82,1635793.0,10.0058
2025-07-30,38.49,38.49,36.39,37.0,1826842.0,-2.1682
2025-07-31,36.77,37.86,35.94,36.2,1196814.0,-2.1622
2025-08-01,36.0,36.34,35.02,35.53,890275.0,-1.8508
2025-08-04,35.13,35.4,34.4,34.85,684245.0,-1.9139
2025-08-05,34.85,35.53,34.44,35.03,669893.0,0.5165
2025-08-06,34.96,35.0,34.54,34.88,524115.0,-0.4282
2025-08-07,34.66,35.2,34.04,34.41,654191.0,-1.3475
2025-08-08,34.4,34.85,33.64,34.41,583734.0,0.0
2025-08-11,34.4,35.47,34.27,35.16,664741.0,2.1796
2025-08-12,35.2,35.64,34.82,35.61,637764.0,1.2799
2025-08-13,35.85,36.3,35.11,35.69,856946.0,0.2247
2025-08-14,35.71,37.24,35.71,35.81,1091031.0,0.3362
2025-08-15,35.4,37.47,34.88,36.86,1274653.0,2.9321
2025-08-18,36.95,38.47,36.4,37.65,1217075.0,2.1432
2025-08-19,37.55,38.07,36.55,36.58,961955.0,-2.842
2025-08-20,36.48,37.09,35.73,37.04,766270.0,1.2575
2025-08-21,38.1,39.4,37.14,37.45,1450451.0,1.1069
2025-08-22,36.98,38.46,36.88,38.46,1053196.0,2.6969
2025-08-25,39.3,40.22,38.46,39.04,1255249.0,1.5081
2025-08-26,38.29,38.59,37.51,38.15,889581.0,-2.2797
2025-08-27,38.18,38.91,37.12,37.15,929232.0,-2.6212
2025-08-28,36.99,37.68,36.21,37.66,822850.0,1.3728
2025-08-29,38.0,38.19,37.2,37.49,626194.0,-0.4514
2025-09-01,38.21,39.33,37.5,38.66,1105117.0,3.1208
2025-09-02,38.23,38.27,35.65,35.9,1137486.0,-7.1392
2025-09-03,35.88,36.23,34.6,34.83,607100.0,-2.9805
2025-09-04,34.88,35.28,33.34,33.98,574053.0,-2.4404
2025-09-05,34.1,34.67,33.52,34.54,455061.0,1.648
2025-09-08,34.6,35.34,34.2,35.2,407079.0,1.9108
2025-09-09,35.22,35.25,34.34,34.43,310996.0,-2.1875
2025-09-10,34.6,35.28,34.43,34.46,310581.0,0.0871
2025-09-11,34.46,35.32,34.0,35.32,562937.0,2.4956
2025-09-12,35.79,36.07,34.93,35.0,539565.0,-0.906
2025-09-15,34.88,34.99,34.44,34.48,372947.0,-1.4857
2025-09-16,34.49,34.72,34.03,34.56,355835.0,0.232
2025-09-17,34.62,35.3,34.35,35.04,447416.0,1.3889
2025-09-18,34.8,35.47,33.75,34.16,648430.0,-2.5114
2025-09-19,34.01,34.39,33.48,33.5,377265.0,-1.9321
2025-09-22,33.6,34.08,33.34,34.04,325337.0,1.6119
2025-09-23,33.9,33.9,32.09,32.73,615702.0,-3.8484
2025-09-24,32.54,33.48,32.43,33.42,424731.0,2.1082
2025-09-25,33.8,34.98,33.62,34.58,654378.0,3.471
2025-09-26,34.5,34.75,33.47,33.47,425678.0,-3.2099
2025-09-29,33.28,34.78,32.81,34.23,603636.0,2.2707
2025-09-30,34.25,34.66,34.16,34.52,422756.0,0.8472
2025-10-09,34.52,35.52,34.16,35.33,667091.0,2.3465
2025-10-10,35.01,35.04,33.91,34.02,505558.0,-3.7079
2025-10-13,32.36,33.73,32.28,33.47,394724.0,-1.6167
2025-10-14,33.84,34.35,32.65,32.8,409999.0,-2.0018
2025-10-15,32.8,33.15,32.53,33.07,239825.0,0.8232
2025-10-16,33.0,33.0,32.04,32.16,376543.0,-2.7517
2025-10-17,32.18,32.37,31.02,31.14,354864.0,-3.1716
2025-10-20,31.5,31.79,31.11,31.27,252003.0,0.4175
2025-10-21,31.39,32.08,31.35,31.83,278572.0,1.7909
2025-10-22,31.6,31.79,31.42,31.56,152093.0,-0.8483
2025-10-23,31.56,32.0,31.17,31.96,217380.0,1.2674
2025-10-24,32.2,32.35,31.88,32.24,261290.0,0.8761
2025-10-27,32.5,32.75,32.23,32.5,295404.0,0.8065
2025-10-28,32.51,32.81,32.24,32.32,288923.0,-0.5538
2025-10-29,32.18,32.65,32.0,32.56,304792.0,0.7426
2025-10-30,32.5,32.55,31.93,31.97,322661.0,-1.812
2025-10-31,31.2,31.88,31.06,31.46,386922.0,-1.5952
2025-11-03,31.48,31.6,30.68,31.24,325069.0,-0.6993
2025-11-04,31.08,31.2,30.09,30.26,423667.0,-3.137
2025-11-05,29.97,30.19,29.36,29.82,397857.0,-1.4541
2025-11-06,29.8,30.27,29.8,30.08,230347.0,0.8719
2025-11-07,29.83,29.94,29.61,29.62,207670.0,-1.5293
2025-11-10,29.62,29.84,29.48,29.81,220028.0,0.6415
2025-11-11,29.81,29.85,29.07,29.13,297407.0,-2.2811
2025-11-12,29.1,29.11,28.8,28.95,195283.0,-0.6179
2025-11-13,29.09,29.57,28.96,29.55,241277.0,2.0725
2025-11-14,29.23,29.37,28.86,28.86,208200.0,-2.335
2025-11-17,28.79,29.19,28.71,28.98,172608.0,0.4158
2025-11-18,28.95,30.05,28.83,29.8,494403.0,2.8295
2025-11-19,29.9,30.28,29.4,29.51,312688.0,-0.9732
2025-11-20,29.86,29.88,28.88,28.98,241313.0,-1.796
2025-11-21,28.6,28.98,28.15,28.35,293531.0,-2.1739
2025-11-24,28.53,29.54,28.39,29.5,369110.0,4.0564
2025-11-25,29.6,30.32,29.45,29.7,381185.0,0.678
2025-11-26,29.4,30.14,29.36,29.61,270854.0,-0.303
2025-11-27,29.48,29.74,29.18,29.24,231349.0,-1.2496
2025-11-28,29.15,29.38,28.98,29.32,173027.0,0.2736
2025-12-01,29.19,29.45,29.0,29.44,198767.0,0.4093
2025-12-02,29.42,29.42,28.9,28.98,211906.0,-1.5625
2025-12-03,28.95,29.08,28.11,28.29,260137.0,-2.381
2025-12-04,28.3,28.55,28.12,28.38,160914.0,0.3181
2025-12-05,28.38,29.47,28.11,29.22,431730.0,2.9598
2025-12-08,29.52,30.18,29.44,29.93,458929.0,2.4298
2025-12-09,29.7,29.87,29.33,29.42,236004.0,-1.704
2025-12-10,29.3,29.75,28.9,29.7,252091.0,0.9517
2025-12-11,29.69,29.83,29.0,29.0,202516.0,-2.3569
2025-12-12,29.0,29.48,28.73,29.35,233883.0,1.2069
2025-12-15,29.1,29.38,28.71,28.84,190688.0,-1.7376
2025-12-16,28.78,29.3,28.51,28.99,250726.0,0.5201
2025-12-17,28.98,29.68,28.48,29.53,371325.0,1.8627
2025-12-18,29.35,29.47,29.02,29.02,228470.0,-1.7271
2025-12-19,29.12,29.55,28.99,29.17,234490.0,0.5169
2025-12-22,29.23,29.73,29.23,29.49,264161.0,1.097
2025-12-23,29.5,29.55,29.13,29.2,195258.0,-0.9834
2025-12-24,29.1,29.71,29.05,29.61,281718.0,1.4041
2025-12-25,29.65,30.17,29.6,30.09,382349.0,1.6211
2025-12-26,29.99,30.5,29.88,29.98,377786.0,-0.3656
2025-12-29,29.93,30.52,29.89,30.2,379593.0,0.7338
2025-12-30,30.2,30.58,30.08,30.27,403705.0,0.2318
2025-12-31,30.26,30.42,30.03,30.15,297806.0,-0.3964
